LinearRegression:
  MSE: 946706068.6260204
  R2: 0.864331707045079
  MAE: 20931.82794893716
  RMSE: 30768.58899309522

RandomForest:
  MSE: 745125984.1190679
  R2: 0.8932192645088839
  MAE: 16928.99420091324
  RMSE: 27296.995880848644

