LinearRegression:
  MSE: 980007697.5056591
  R2: 0.8722338957908481

RandomForest:
  MSE: 880160907.8439572
  R2: 0.8852511765380665

